
 2.7747698397;-3.1105986146; 0.3317304320; 2.4545407521;	
-3.1105986146; 4.5638936516;-0.4506093252;-3.2860909969;	
 0.3317304320;-0.4506093252; 0.3999038071; 0.2615519127;	
 2.4545407521;-3.2860909969; 0.2615519127; 3.0912881834;	

-2.6699029075; 3.8208530659;-0.4304066573;-2.9448136399;	 3.8234605101;-0.5924285589; 1.5396761946; 0.9381454961;	
 0.4067913116;-0.4880767374; 0.1324094887; 0.4068694993;	-0.5924285589; 0.5960360315;-0.2868480223;-0.0796452519;	
-1.2139940163; 1.7652970418;-0.2721964425;-1.2119409121;	 1.5396761946;-0.2868480223; 1.2025252268; 0.4170580996;	
-0.7534909661; 1.0033410159;-0.0383909493;-0.6872580854;	 0.9381454961;-0.0796452519; 0.4170580996; 0.6440088345;	

 0.9769160069;-1.3015488240; 0.0945411655; 1.0073613485;	-1.2283438348; 0.1092623064;-0.5617201340;-0.3091701329;	 0.8743756879;-0.9186839189; 0.0191998729;-0.3048564676;	
-2.0235965869; 2.6730544373;-0.2457306785;-2.1947734970;	 2.5928234905;-0.3644511183; 1.1991260427; 0.6397937324;	-0.9186839189; 2.3375001311; 0.0177054257; 0.7122825971;	
-0.1074913980;-0.0836322411; 0.0121566951; 0.0571180967;	-0.0049105064; 0.1193800875;-0.0116993546;-0.0277052089;	 0.0191998729; 0.0177054257; 0.4164890407; 0.0159196957;	
-0.8054058931; 0.9689620498;-0.1111649606;-0.6747523354;	 0.9974369938;-0.1751210659; 0.4240142126; 0.1896853950;	-0.3048564676; 0.7122825971; 0.0159196957; 0.7946426563;	

-0.0595047678; 0.0626581061;-0.0987335929; 0.0162596704;	 0.0044896772;-0.0806496875;-0.0128084133; 0.0256527302;	 0.0180599270;-0.0009003153;-0.0589493118; 0.0024649625;	 0.3786889454; 0.0803212655; 0.0048320480; 0.0883584821;	
-0.8531926479; 1.0237303124;-0.0833114887;-0.9956036852;	 0.9983540422;-0.1834931075; 0.4405769664; 0.2933900961;	-0.3507624995; 0.6878073320;-0.0098735879; 0.3168027035;	 0.0803212655; 0.6129146247;-0.3953073504; 0.9548535846;	
 1.3697726695;-1.9812980611; 0.2158683532; 1.4820009790;	-1.9303200314; 0.2854497617;-0.7132493256;-0.5824085955;	 0.6314235494;-1.2381324707; 0.1000622597;-0.5500173394;	 0.0048320480;-0.3953073504; 1.5072282978;-1.6064934859;	
-2.3530515264; 3.4118088330;-0.3530463231;-2.6983895419;	 3.0107590689;-0.5645600164; 1.2307058485; 0.7792588315;	-1.1064181741; 2.2420636675;-0.0934527907; 0.8277185557;	 0.0883584821; 0.9548535846;-1.6064934859; 3.2376910704;	

 0.1437687416;-0.0946268725; 0.0919425457;-0.0943575579;	-0.0115292795; 0.0484254684;-0.0443412792;-0.0345656753;	 0.0725174654;-0.0913950380; 0.0510514430;-0.1127918926;	-0.0127592048; 0.0043415098;-0.0383167351;-0.1452503403;	 0.5420856564;-0.0588714161; 0.0019311520; 0.0146804242;	
-0.3967106907; 0.4736583512; 0.0016142777;-0.3167036332;	 0.3340989888;-0.0019397008; 0.1786471195; 0.1543647917;	-0.1085533618; 0.2769613575; 0.0500268606; 0.0749136630;	 0.1106721112; 0.1096644320;-0.1348652194; 0.3256077396;	-0.0588714161; 0.2856556631;-0.0242855184;-0.0808467273;	
-0.2438545206; 0.3652126766; 0.1147988120;-0.3635701690;	 0.3794817450;-0.0626631266; 0.0110865316; 0.0243807879;	-0.0917888614; 0.3740401014; 0.0246318117; 0.1786607349;	 0.0250668234; 0.1621745536;-0.2317519622; 0.4360040650;	 0.0019311520;-0.0242855184; 0.4214640985;-0.0661845088;	
 0.1157531238;-0.1083098114; 0.0058808124; 0.1552951985;	-0.2206853013;-0.0041400785;-0.0210493812;-0.0643236454;	 0.0830360327;-0.2035858093;-0.1302613848;-0.0620218097;	 0.0274031608; 0.0168577423; 0.1101438253;-0.0797948036;	 0.0146804242;-0.0808467273;-0.0661845088; 0.6188117216;	
