# 20
2.77476983971595769773
-3.11059861462192444037; 4.56389365163549332038
 0.33173043195915058456;-0.45060932516905166656; 0.39990380705757250235
 2.45454075211619482388;-3.28609099691128880849; 0.26155191272590355700; 3.09128818340012889720
-2.66990290750478687087; 3.82085306592852624874;-0.43040665729384114391;-2.94481363989154631966; 3.82346051008955045702
 0.40679131158035214400;-0.48807673739537332791; 0.13240948868621940648; 0.40686949929403021242;-0.59242855893195389694; 0.59603603153930417857
-1.21399401628256775609; 1.76529704184059843541;-0.27219644247851249030;-1.21194091212572030436; 1.53967619456668636246;-0.28684802228279765446; 1.20252522681848916797
-0.75349096614209387646; 1.00334101585992341299;-0.03839094933425527684;-0.68725808538673538450; 0.93814549612914632792;-0.07964525190376135766; 0.41705809958245398938; 0.64400883451936552504
 0.97691600685600810117;-1.30154882404675897867; 0.09454116550037144906; 1.00736134849967129412;-1.22834383477784769845; 0.10926230643708005619;-0.56172013402169784779;-0.30917013285922595456; 0.87437568791152031622
-2.02359658693489974368; 2.67305443727933900178;-0.24573067851430979713;-2.19477349704004032205; 2.59282349051814042795;-0.36445111830706883316; 1.19912604268963973730; 0.63979373238592462947;-0.91868391894344225701; 2.33750013113731469616
-0.10749139798307422167;-0.08363224109129342720; 0.01215669512241612446; 0.05711809665314597495;-0.00491050636467606043; 0.11938008745463983551;-0.01169935460643350272;-0.02770520888829567860; 0.01919987294222998131; 0.01770542573311818801; 0.41648904069244607751
-0.80540589314453236991; 0.96896204978251843087;-0.11116496058549900361;-0.67475233538173995385; 0.99743699375318839451;-0.17512106586145489984; 0.42401421263563354724; 0.18968539503475143060;-0.30485646763521961899; 0.71228259711910490992; 0.01591969568162246787; 0.79464265632871822209
-0.05950476784853931528; 0.06265810605444996351;-0.09873359293422466487; 0.01625967042651624631; 0.00448967724086007155;-0.08064968754211042368;-0.01280841332326109611; 0.02565273017986701223; 0.01805992695585473609;-0.00090031534990619132;-0.05894931181949104176; 0.00246496254480284369; 0.37868894544552950121
-0.85319264793421956128; 1.02373031238243439311;-0.08331148869587448602;-0.99560368524776532428; 0.99835404218752077377;-0.18349310749948108401; 0.44057696635745036140; 0.29339009605742905062;-0.35076249947980853161; 0.68780733199268662137;-0.00987358788365723730; 0.31680270348929284729; 0.08032126547877881106; 0.61291462474183278086
 1.36977266947463793834;-1.98129806109105399692; 0.21586835317618766061; 1.48200097904872829524;-1.93032003136184138192; 0.28544976172450259311;-0.71324932560104081780;-0.58240859554991919467; 0.63142354939312705930;-1.23813247070144138995; 0.10006225971922125262;-0.55001733936741625808; 0.00483204795024558612;-0.39530735044850068283; 1.50722829780427303170
-2.35305152643442960780; 3.41180883303732773726;-0.35304632311288203228;-2.69838954190325130966; 3.01075906885359856346;-0.56456001639430486438; 1.23070584851836573037; 0.77925883154646780060;-1.10641817412744103422; 2.24206366746402441237;-0.09345279073873578868; 0.82771855573717034726; 0.08835848207900087736; 0.95485358457719193837;-1.60649348587360019103; 3.23769107035153247409
 0.14376874155263241750;-0.09462687250896342772; 0.09194254565351815678;-0.09435755794447939215;-0.01152927954959686446; 0.04842546837658402020;-0.04434127922407304218;-0.03456567534394353741; 0.07251746536271896915;-0.09139503802640137897; 0.05105144303897119623;-0.11279189261063732319;-0.01275920481074565085; 0.00434150980160974680;-0.03831673509620797669;-0.14525034032217445934; 0.54208565638605377135
-0.39671069065748304494; 0.47365835120159904825; 0.00161427766443534930;-0.31670363315989691344; 0.33409898882607247383;-0.00193970081710769958; 0.17864711950652661931; 0.15436479167763200726;-0.10855336182283682744; 0.27696135750196626546; 0.05002686061535955436; 0.07491366304650250163; 0.11067211115661856891; 0.10966443201099841664;-0.13486521938325929382; 0.32560773959590405546;-0.05887141608567895978; 0.28565566308291978626
-0.24385452062149604036; 0.36521267662360168416; 0.11479881200660158047;-0.36357016895874122442; 0.37948174504350778991;-0.06266312661123092653; 0.01108653157832565142; 0.02438078794873880725;-0.09178886138730686650; 0.37404010142305244013; 0.02463181170154357669; 0.17866073490049519390; 0.02506682338084524966; 0.16217455364931904205;-0.23175196220581836815; 0.43600406503834038263; 0.00193115196402754929;-0.02428551835881685370; 0.42146409851770028077
 0.11575312383608603317;-0.10830981144502274671; 0.00588081236361413535; 0.15529519853480827640;-0.22068530134148900412;-0.00414007849833711739;-0.02104938121118851702;-0.06432364543282757807; 0.08303603271174164746;-0.20358580926964911506;-0.13026138476656304310;-0.06202180965666299201; 0.02740316082750404378; 0.01685774231136924137; 0.11014382533047897827;-0.07979480358721192934; 0.01468042419765618577;-0.08084672733108086429;-0.06618450883126693329; 0.61881172156451602628
